  00000000  00007018  00014037  00014456  00021475  00028494  00028912  00029302
  00036395  00043373  00043691  00050704  00057717  00058081  00058603  00059564
  00066559  00073554  00073946  00080922  00087898  00088328  00088814  00095776
  00102737  00103194  00109740  00117228  00117575  00118064  00119128  00121386
  00128187  00135469  00135813  00142837  00149860  00150241  00150709  00157702
  00164694  00165131  00172158  00179185  00179553  00180031  00180906  00188321
  00195983  00196354  00203657  00209306  00209665  00210094  00217555  00225028
  00225325  00232425  00238571  00238886  00239281  00240426  00242771  00245025
  00251693  00259083  00259422  00265823  00273507  00273818  00274419  00281496
  00288572  00288905  00295707  00303107  00303391  00303814  00304664  00311567
  00318470  00318818  00325965  00333112  00333511  00333867  00341042  00348216
  00348613  00355400  00362187  00362584  00363069  00364304  00366391  00372719
  00380554  00380781  00388075  00394851  00395171  00395628  00402639  00409746
  00410052  00416470  00424080  00424475  00424865  00425900  00432609  00439982
  00440330  00447352  00454375  00454760  00455213  00462208  00469204  00469616
  00476618  00483620  00484018  00484526  00485408  00487757  00490049  00494987
  00502627  00509028  00509400  00515800  00523544  00523813  00524427  00531537
  00538468  00538813  00546445  00552914  00553240  00553866  00554875  00561340
  00567805  00568171  00575886  00583601  00583880  00584305  00591382  00598459
  00598808  00605854  00612900  00613355  00613734  00614763  00616558  00623688
  00630819  00631139  00638225  00645312  00645720  00646199  00652423  00660211
  00660546  00667731  00674540  00674893  00675322  00676247  00683257  00690266
  00690569  00697538  00704506  00704892  00705448  00712255  00719432  00719771
  00726776  00733780  00734095  00734649  00735935  00737878  00740121  00746593
  00754127  00754469  00761497  00768524  00768817  00769479  00776085  00783574
  00783926  00790954  00797981  00798372  00798837  00799724  00806734  00813744
  00814107  00821092  00828077  00828490  00829033  00835653  00843026  00843406
  00850398  00857389  00857779  00858341  00859327  00861516  00868157  00875583
  00875924  00883410  00890030  00890332  00890817  00897886  00904955  00905266
  00912264  00919262  00919715  00920257  00921200  00928217  00935234  00935592
  00942601  00949611  00949984  00950453  00957562  00964420  00964804  00971805
  00978806  00979156  00979705  00980884  00982911  00985255  00989974  01000000
