  00000002  00000002  00000006  00000005  00000005  00000006  00000014  00000009
  00000009  00000013  00000012  00000012  00000013  00000014  00000030  00000017
  00000017  00000021  00000020  00000020  00000021  00000029  00000024  00000024
  00000028  00000027  00000027  00000028  00000029  00000030  00000062  00000033
  00000033  00000037  00000036  00000036  00000037  00000045  00000040  00000040
  00000044  00000043  00000043  00000044  00000045  00000061  00000048  00000048
  00000052  00000051  00000051  00000052  00000060  00000055  00000055  00000059
  00000058  00000058  00000059  00000060  00000061  00000062  00000126  00000065
  00000065  00000069  00000068  00000068  00000069  00000077  00000072  00000072
  00000076  00000075  00000075  00000076  00000077  00000093  00000080  00000080
  00000084  00000083  00000083  00000084  00000092  00000087  00000087  00000091
  00000090  00000090  00000091  00000092  00000093  00000125  00000096  00000096
  00000100  00000099  00000099  00000100  00000108  00000103  00000103  00000107
  00000106  00000106  00000107  00000108  00000124  00000111  00000111  00000115
  00000114  00000114  00000115  00000123  00000118  00000118  00000122  00000121
  00000121  00000122  00000123  00000124  00000125  00000126  00000254  00000129
  00000129  00000133  00000132  00000132  00000133  00000141  00000136  00000136
  00000140  00000139  00000139  00000140  00000141  00000157  00000144  00000144
  00000148  00000147  00000147  00000148  00000156  00000151  00000151  00000155
  00000154  00000154  00000155  00000156  00000157  00000189  00000160  00000160
  00000164  00000163  00000163  00000164  00000172  00000167  00000167  00000171
  00000170  00000170  00000171  00000172  00000188  00000175  00000175  00000179
  00000178  00000178  00000179  00000187  00000182  00000182  00000186  00000185
  00000185  00000186  00000187  00000188  00000189  00000253  00000192  00000192
  00000196  00000195  00000195  00000196  00000204  00000199  00000199  00000203
  00000202  00000202  00000203  00000204  00000220  00000207  00000207  00000211
  00000210  00000210  00000211  00000219  00000214  00000214  00000218  00000217
  00000217  00000218  00000219  00000220  00000252  00000223  00000223  00000227
  00000226  00000226  00000227  00000235  00000230  00000230  00000234  00000233
  00000233  00000234  00000235  00000251  00000238  00000238  00000242  00000241
  00000241  00000242  00000250  00000245  00000245  00000249  00000248  00000248
  00000249  00000250  00000251  00000252  00000253  00000254 -00000001 -00000006
