         0    488902    977651    983668   1470966   1958265   1967336   1979707
   2469492   2959277   2964504   3454357   3943533   3949302   3959415   3982213
   4470862   4959511   4966031   5454419   5942808   5949799   5961868   6451082
   6940123   6946121   7434961   7923802   7930373   7941523   7964426   7990053
   8478499   8967077   8973423   9462230   9951037   9957193   9969744  10458188
  10946632  10953290  11442057  11930824  11936837  11949405  11971882  12460731
  12949580  12955297  13443998  13932699  13938712  13950160  14439110  14928059
  14933817  15422568  15911318  15917474  15928437  15954676  15978850  16028020
  16516475  17004823  17011309  17500015  17988721  17994597  18007828  18497332
  18985386  18991319  19479491  19968094  19974810  19987635  20009587  20498819
  20988051  20993558  21482343  21971129  21977006  21988292  22477676  22966498
  22972707  23461028  23949841  23956541  23966998  23992660  24016942  24505921
  24994901  25001379  25490666  25979952  25985816  25996687  26485022  26973633
  26979558  27468117  27956676  27962428  27976433  27998952  28487740  28976528
  28982178  29470616  29959054  29965404  29978106  30466683  30955260  30961800
  31450697  31939593  31945494  31957261  31980962  32005363  32056040  32157432
