  00000000  00014381  00028762  00029194  00043847  00058219  00058588  00059603
  00073925  00088247  00088871  00103276  00117680  00118140  00119205  00121390
  00135792  00150193  00150764  00165227  00179690  00180139  00180995  00195394
  00209794  00210246  00224595  00238944  00239497  00240600  00242781  00244992
  00259375  00273759  00274255  00288627  00302999  00303517  00304619  00319066
  00333513  00333956  00348340  00362724  00363294  00364246  00366298  00380735
  00395173  00395535  00409886  00424208  00424771  00425754  00440117  00454480
  00454942  00469350  00483759  00484129  00485209  00487603  00489984  00494987
  00509466  00523945  00524318  00538759  00553200  00553649  00554727  00569092
  00583457  00583996  00598363  00612729  00613264  00614468  00616406  00630818
  00645231  00645793  00660136  00674480  00675179  00676217  00690679  00705141
  00705598  00720000  00734401  00734979  00736029  00737826  00740121  00754481
  00768842  00769415  00783798  00798182  00798709  00799732  00814456  00829180
  00829664  00843780  00857897  00858460  00859344  00861516  00875974  00890433
  00890919  00905366  00919813  00920322  00921200  00935592  00949984  00950453
  00964804  00979156  00979705  00980884  00982911  00985255  00989974  01000000
