         2         2         6         5         5         6        14         9
         9        13        12        12        13        14        30        17
        17        21        20        20        21        29        24        24
        28        27        27        28        29        30        62        33
        33        37        36        36        37        45        40        40
        44        43        43        44        45        61        48        48
        52        51        51        52        60        55        55        59
        58        58        59        60        61        62       126        65
        65        69        68        68        69        77        72        72
        76        75        75        76        77        93        80        80
        84        83        83        84        92        87        87        91
        90        90        91        92        93       125        96        96
       100        99        99       100       108       103       103       107
       106       106       107       108       124       111       111       115
       114       114       115       123       118       118       122       121
       121       122       123       124       125       126       254       129
       129       133       132       132       133       141       136       136
       140       139       139       140       141       157       144       144
       148       147       147       148       156       151       151       155
       154       154       155       156       157       189       160       160
       164       163       163       164       172       167       167       171
       170       170       171       172       188       175       175       179
       178       178       179       187       182       182       186       185
       185       186       187       188       189       253       192       192
       196       195       195       196       204       199       199       203
       202       202       203       204       220       207       207       211
       210       210       211       219       214       214       218       217
       217       218       219       220       252       223       223       227
       226       226       227       235       230       230       234       233
       233       234       235       251       238       238       242       241
       241       242       250       245       245       249       248       248
       249       250       251       252       253       254        -1         0
