         0    241387    482773    488472    730246    972020    976943    983456
   1225489   1467522   1471847   1713622   1955398   1960238   1966912   1978920
   2220420   2461921   2467880   2709581   2951282   2956840   2962534   3203369
   3444620   3450395   3692786   3935065   3940254   3946148   3957841   3982238
   4223888   4465537   4470872   4712307   4953741   4959505   4965256   5206486
   5448233   5453946   5695547   5937148   5942637   5948275   5961181   6203042
   6444904   6450340   6692003   6933666   6939499   6944858   7186662   7428465
   7433616   7674894   7916172   7922368   7928536   7940123   7965201   7988440
   8230294   8472148   8477492   8719261   8961030   8966544   8972279   9214047
   9455815   9461402   9703398   9945394   9950525   9956118   9968134  10210267
  10452400  10457319  10698820  10940322  10945358  10951720  11193544  11435368
  11439983  11681783  11923584  11928246  11934648  11947828  11970099  12211851
  12453602  12459242  12700592  12942467  12948385  12953689  13195378  13437068
  13442891  13684290  13926514  13932092  13937716  13949844  14190917  14432365
  14437935  14679316  14920697  14926026  14933787  15175897  15418007  15422389
  15664545  15906380  15911794  15917729  15929589  15951542  15976880  16028020
  16269315  16510753  16516960  16758696  17000433  17005901  17011382  17252674
  17494344  17500440  17742221  17984003  17989498  17994745  18007019  18248803
  18490586  18496013  18737519  18979025  18985007  18990532  19232569  19474606
  19479530  19721407  19963106  19968528  19973693  19986017  20010681  20253674
  20495416  20499874  20742226  20983975  20989067  20994910  21237305  21478673
  21483641  21725735  21967829  21972560  21979140  21991906  22233938  22476053
  22480503  22722376  22964250  22969100  22975568  23217280  23458992  23464208
  23705828  23947447  23952849  23958924  23971348  23992954  24016942  24258670
  24500398  24505494  24747395  24989295  24994046  25000617  25242239  25483860
  25489065  25730823  25972580  25977753  25984609  25996694  26238771  26479960
  26485415  26727084  26968754  26974136  26980997  27222940  27464882  27470342
  27712186  27954030  27959687  27965424  27976447  27998952  28240502  28482051
  28487501  28729311  28971121  28976050  28982273  29223837  29465401  29470975
  29712588  29954201  29959678  29965595  29978106  30219887  30461871  30466717
  30708879  30951041  30955329  30961800  31203629  31445457  31450697  31692815
  31934934  31939593  31945494  31957261  31980962  32005363  32056040  32157432
