         2         2         6         5         5         6        14         9
         9        13        12        12        13        14        30        17
        17        21        20        20        21        29        24        24
        28        27        27        28        29        30        62        33
        33        37        36        36        37        45        40        40
        44        43        43        44        45        61        48        48
        52        51        51        52        60        55        55        59
        58        58        59        60        61        62       126        65
        65        69        68        68        69        77        72        72
        76        75        75        76        77        93        80        80
        84        83        83        84        92        87        87        91
        90        90        91        92        93       125        96        96
       100        99        99       100       108       103       103       107
       106       106       107       108       124       111       111       115
       114       114       115       123       118       118       122       121
       121       122       123       124       125       126        -1         0
